211112	100017	Erdos Miller	 0	 0	 0	9.50	17.50	0.00	0.00	38.90	38.90	0.00	0.00	0.00	0.000000	0.000000	0.000000	0.000000	0.000000
211112	100019	Erdos Miller	 0	 0	 0	5.78	29.82	0.00	0.00	38.90	38.90	0.00	0.00	0.00	0.000000	0.000000	0.000000	0.000000	0.000000
211112	100021	Erdos Miller	 0	92	60	1014.93	30.00	0.00	0.00	38.90	38.90	0.00	0.00	0.00	0.000000	0.000000	0.000000	0.000000	0.000000
211112	100023	Erdos Miller	 0	114	79	1296.94	30.00	0.00	0.00	38.90	38.90	0.00	0.00	0.00	0.000000	0.000000	0.000000	0.000000	0.000000
211112	100025	Erdos Miller	 4	121	64	1233.16	30.00	0.00	0.00	38.90	38.90	0.00	0.00	0.00	0.000000	0.000000	0.000000	0.000000	0.000000
211112	100027	Erdos Miller	77	121	75	1307.96	30.00	0.00	0.00	38.90	38.90	0.00	0.00	0.00	0.000000	0.000000	0.000000	0.000000	0.000000
211112	100029	Erdos Miller	87	116	86	1346.44	30.00	0.00	0.00	38.90	38.90	0.00	0.00	0.00	0.000000	0.000000	0.000000	0.000000	0.000000
211112	100031	Erdos Miller	89	117	86	1366.28	29.97	0.03	0.03	37.86	37.86	1.04	1.04	0.72	0.000000	0.000000	0.000000	0.000000	0.000000
211112	100033	Erdos Miller	91	115	88	1362.25	29.97	0.03	0.03	38.83	38.83	0.07	0.07	0.20	0.000000	0.000000	0.000000	0.000000	0.000000
211112	100035	Erdos Miller	92	119	83	1352.18	29.97	0.03	0.03	38.90	38.90	0.00	0.00	0.06	0.000000	0.000000	0.000000	0.000000	0.000000
211112	100037	Erdos Miller	92	123	72	1305.49	29.97	0.03	0.03	38.90	38.90	0.00	0.00	0.02	0.000000	0.000000	0.000000	0.000000	0.000000
211112	100039	Erdos Miller	91	119	72	1265.73	29.97	0.03	0.03	38.90	38.90	0.00	0.00	0.00	0.000000	0.000000	0.000000	0.000000	0.000000
211112	100041	Erdos Miller	93	122	80	1352.04	29.97	0.03	0.03	38.90	38.90	0.00	0.00	0.00	0.000000	0.000000	0.000000	0.000000	0.000000
211112	100043	Erdos Miller	90	123	77	1327.88	29.97	0.03	0.03	38.90	38.90	0.00	0.00	0.00	0.000000	0.000000	0.000000	0.000000	0.000000
211112	100045	Erdos Miller	90	117	85	1335.51	29.97	0.03	0.03	38.90	38.90	0.00	0.00	0.00	0.000000	0.000000	0.000000	0.000000	0.000000
211112	100123	Erdos Miller	 0	 0	 0	6.80	5.60	0.00	0.00	38.91	38.91	0.00	0.00	0.00	0.000000	0.000000	0.000000	0.000000	0.000000
211112	100124	Erdos Miller	 0	 0	 0	-2.57	12.25	0.00	0.00	38.91	38.91	0.00	0.00	0.00	0.000000	0.000000	0.000000	0.000000	0.000000
211112	100125	Erdos Miller	 0	 0	 0	-7.17	19.25	0.00	0.00	38.91	38.91	0.00	0.00	0.00	0.000000	0.000000	0.000000	0.000000	0.000000
211112	100126	Erdos Miller	 0	 0	 0	-0.07	26.25	0.00	0.00	38.91	38.91	0.00	0.00	0.00	0.000000	0.000000	0.000000	0.000000	0.000000
211112	100127	Erdos Miller	 0	 0	 0	9.76	30.21	0.00	0.00	38.91	38.91	0.00	0.00	0.00	0.000000	0.000000	0.000000	0.000000	0.000000
211112	100128	Erdos Miller	 0	54	24	520.64	30.30	0.00	0.00	38.91	38.91	0.00	0.00	0.00	0.000000	0.000000	0.000000	0.000000	0.000000
211112	100129	Erdos Miller	 0	86	47	894.11	30.30	0.00	0.00	38.91	38.91	0.00	0.00	0.00	0.000000	0.000000	0.000000	0.000000	0.000000
211112	100130	Erdos Miller	 0	105	66	1147.23	30.30	0.00	0.00	38.91	38.91	0.00	0.00	0.00	0.000000	0.000000	0.000000	0.000000	0.000000
211112	100131	Erdos Miller	 0	110	67	1181.59	30.30	0.00	0.00	38.91	38.91	0.00	0.00	0.00	0.000000	0.000000	0.000000	0.000000	0.000000
211112	100132	Erdos Miller	 0	111	76	1245.89	30.30	0.00	0.00	38.91	38.91	0.00	0.00	0.00	0.000000	0.000000	0.000000	0.000000	0.000000
211112	100133	Erdos Miller	 0	116	66	1207.64	30.30	0.00	0.00	38.91	38.91	0.00	0.00	0.00	0.000000	0.000000	0.000000	0.000000	0.000000
211112	100134	Erdos Miller	 0	116	62	1194.33	30.30	0.00	0.00	38.91	38.91	0.00	0.00	0.00	0.000000	0.000000	0.000000	0.000000	0.000000
211112	100135	Erdos Miller	39	127	79	1376.18	30.30	0.00	0.00	38.91	38.91	0.00	0.00	0.00	0.000000	0.000000	0.000000	0.000000	0.000000
211112	100136	Erdos Miller	66	122	89	1408.27	30.30	0.00	0.00	38.91	38.91	0.00	0.00	0.00	0.000000	0.000000	0.000000	0.000000	0.000000
211112	100137	Erdos Miller	80	124	76	1325.10	30.30	0.00	0.00	38.91	38.91	0.00	0.00	0.00	0.000000	0.000000	0.000000	0.000000	0.000000
211112	100138	Erdos Miller	84	122	81	1353.15	30.30	0.00	0.00	38.91	38.91	0.00	0.00	0.00	0.000000	0.000000	0.000000	0.000000	0.000000
211112	100139	Erdos Miller	88	121	80	1335.23	30.30	0.00	0.00	38.91	38.91	0.00	0.00	0.00	0.000000	0.000000	0.000000	0.000000	0.000000
211112	100140	Erdos Miller	89	124	89	1425.51	30.27	0.03	0.03	35.50	35.50	3.41	3.41	1.28	0.000000	0.000000	0.000000	0.000000	0.000000
211112	100141	Erdos Miller	88	121	92	1415.17	30.27	0.03	0.03	38.00	38.00	0.91	0.91	0.68	0.000000	0.000000	0.000000	0.000000	0.000000
211112	100142	Erdos Miller	89	121	77	1308.84	30.27	0.03	0.03	38.65	38.65	0.26	0.26	0.37	0.000000	0.000000	0.000000	0.000000	0.000000
211112	100143	Erdos Miller	88	122	76	1322.87	30.27	0.03	0.03	38.84	38.84	0.07	0.07	0.20	0.000000	0.000000	0.000000	0.000000	0.000000
211112	100144	Erdos Miller	89	120	82	1340.13	30.27	0.03	0.03	38.89	38.89	0.02	0.02	0.11	0.000000	0.000000	0.000000	0.000000	0.000000
211112	100145	Erdos Miller	88	118	85	1358.46	30.27	0.03	0.03	38.90	38.90	0.00	0.00	0.06	0.000000	0.000000	0.000000	0.000000	0.000000
211112	100146	Erdos Miller	86	119	91	1404.69	30.27	0.03	0.03	38.91	38.91	0.00	0.00	0.03	0.000000	0.000000	0.000000	0.000000	0.000000
211112	100147	Erdos Miller	89	118	79	1317.25	30.27	0.03	0.03	38.91	38.91	0.00	0.00	0.02	0.000000	0.000000	0.000000	0.000000	0.000000
211112	100148	Erdos Miller	88	118	87	1365.77	30.27	0.03	0.03	38.91	38.91	0.00	0.00	0.01	0.000000	0.000000	0.000000	0.000000	0.000000
211112	100149	Erdos Miller	90	120	86	1379.82	30.27	0.03	0.03	38.91	38.91	0.00	0.00	0.00	0.000000	0.000000	0.000000	0.000000	0.000000
211112	100150	Erdos Miller	87	121	89	1405.51	30.27	0.03	0.03	38.91	38.91	0.00	0.00	0.00	0.000000	0.000000	0.000000	0.000000	0.000000
211112	100151	Erdos Miller	89	121	75	1299.42	30.27	0.03	0.03	38.91	38.91	0.00	0.00	0.00	0.000000	0.000000	0.000000	0.000000	0.000000
211112	100152	Erdos Miller	92	113	80	1283.23	30.27	0.03	0.03	38.91	38.91	0.00	0.00	0.00	0.000000	0.000000	0.000000	0.000000	0.000000
211112	100154	Erdos Miller	90	116	83	1322.72	30.27	0.03	0.03	38.91	38.91	0.00	0.00	0.00	0.000000	0.000000	0.000000	0.000000	0.000000
211112	100155	Erdos Miller	89	124	74	1323.14	30.27	0.03	0.03	38.91	38.91	0.00	0.00	0.00	0.000000	0.000000	0.000000	0.000000	0.000000
211112	100156	Erdos Miller	91	126	77	1349.06	30.27	0.03	0.03	38.91	38.91	0.00	0.00	0.00	0.000000	0.000000	0.000000	0.000000	0.000000
211112	100157	Erdos Miller	90	123	78	1339.30	30.27	0.03	0.03	38.91	38.91	0.00	0.00	0.00	0.000000	0.000000	0.000000	0.000000	0.000000
211112	100158	Erdos Miller	89	126	72	1314.10	30.27	0.03	0.03	38.91	38.91	0.00	0.00	0.00	0.000000	0.000000	0.000000	0.000000	0.000000
211112	100159	Erdos Miller	89	117	74	1274.93	30.27	0.03	0.03	38.91	38.91	0.00	0.00	0.00	0.000000	0.000000	0.000000	0.000000	0.000000
211112	100200	Erdos Miller	87	121	78	1321.77	30.27	0.03	0.03	38.91	38.91	0.00	0.00	0.00	0.000000	0.000000	0.000000	0.000000	0.000000
211112	100201	Erdos Miller	86	122	82	1359.00	30.27	0.03	0.03	38.91	38.91	0.00	0.00	0.00	0.000000	0.000000	0.000000	0.000000	0.000000
211112	100202	Erdos Miller	90	126	76	1338.71	30.27	0.03	0.03	38.91	38.91	0.00	0.00	0.00	0.000000	0.000000	0.000000	0.000000	0.000000
211112	100203	Erdos Miller	89	126	82	1388.31	30.27	0.03	0.03	38.91	38.91	0.00	0.00	0.00	0.000000	0.000000	0.000000	0.000000	0.000000
211112	100204	Erdos Miller	90	116	86	1348.56	30.27	0.03	0.03	38.91	38.91	0.00	0.00	0.00	0.000000	0.000000	0.000000	0.000000	0.000000
211112	100205	Erdos Miller	89	113	81	1300.63	30.27	0.03	0.03	38.91	38.91	0.00	0.00	0.00	0.000000	0.000000	0.000000	0.000000	0.000000
211112	100206	Erdos Miller	88	121	76	1313.43	30.27	0.03	0.03	38.91	38.91	0.00	0.00	0.00	0.000000	0.000000	0.000000	0.000000	0.000000
211112	100207	Erdos Miller	89	123	78	1330.69	30.27	0.03	0.03	38.91	38.91	0.00	0.00	0.00	0.000000	0.000000	0.000000	0.000000	0.000000
211112	100208	Erdos Miller	90	124	79	1350.14	30.27	0.03	0.03	38.91	38.91	0.00	0.00	0.00	0.000000	0.000000	0.000000	0.000000	0.000000
211112	100209	Erdos Miller	91	122	69	1272.65	30.27	0.03	0.03	38.91	38.91	0.00	0.00	0.00	0.000000	0.000000	0.000000	0.000000	0.000000
211112	100210	Erdos Miller	92	128	78	1372.42	30.27	0.03	0.03	38.91	38.91	0.00	0.00	0.00	0.000000	0.000000	0.000000	0.000000	0.000000
211112	100211	Erdos Miller	89	124	71	1293.91	30.27	0.03	0.03	38.91	38.91	0.00	0.00	0.00	0.000000	0.000000	0.000000	0.000000	0.000000
211112	100212	Erdos Miller	90	120	79	1326.24	30.27	0.03	0.03	38.91	38.91	0.00	0.00	0.00	0.000000	0.000000	0.000000	0.000000	0.000000
211112	100213	Erdos Miller	88	122	61	1217.18	30.27	0.03	0.03	38.91	38.91	0.00	0.00	0.00	0.000000	0.000000	0.000000	0.000000	0.000000
211112	100214	Erdos Miller	88	123	78	1341.91	30.27	0.03	0.03	38.91	38.91	0.00	0.00	0.00	0.000000	0.000000	0.000000	0.000000	0.000000
211112	100215	Erdos Miller	87	126	91	1448.41	30.27	0.03	0.03	38.91	38.91	0.00	0.00	0.00	0.000000	0.000000	0.000000	0.000000	0.000000
211112	100216	Erdos Miller	89	121	84	1368.00	30.27	0.03	0.03	38.91	38.91	0.00	0.00	0.00	0.000000	0.000000	0.000000	0.000000	0.000000
211112	100217	Erdos Miller	89	117	78	1298.14	30.27	0.03	0.03	38.91	38.91	0.00	0.00	0.00	0.000000	0.000000	0.000000	0.000000	0.000000
211112	100218	Erdos Miller	90	118	80	1320.97	30.27	0.03	0.03	38.91	38.91	0.00	0.00	0.00	0.000000	0.000000	0.000000	0.000000	0.000000
211112	100219	Erdos Miller	91	114	69	1213.34	30.27	0.03	0.03	38.91	38.91	0.00	0.00	0.00	0.000000	0.000000	0.000000	0.000000	0.000000
211112	100220	Erdos Miller	92	121	73	1297.96	30.27	0.03	0.03	38.91	38.91	0.00	0.00	0.00	0.000000	0.000000	0.000000	0.000000	0.000000
211112	100221	Erdos Miller	90	116	82	1324.38	30.27	0.03	0.03	38.91	38.91	0.00	0.00	0.00	0.000000	0.000000	0.000000	0.000000	0.000000
211112	100222	Erdos Miller	92	116	85	1345.70	30.27	0.03	0.03	38.91	38.91	0.00	0.00	0.00	0.000000	0.000000	0.000000	0.000000	0.000000
211112	100223	Erdos Miller	88	112	88	1345.75	30.27	0.03	0.03	38.91	38.91	0.00	0.00	0.00	0.000000	0.000000	0.000000	0.000000	0.000000
211112	100224	Erdos Miller	90	120	85	1360.52	30.27	0.03	0.03	38.91	38.91	0.00	0.00	0.00	0.000000	0.000000	0.000000	0.000000	0.000000
211112	100225	Erdos Miller	91	124	85	1389.74	30.27	0.03	0.03	38.91	38.91	0.00	0.00	0.00	0.000000	0.000000	0.000000	0.000000	0.000000
211112	100226	Erdos Miller	91	119	86	1369.52	30.27	0.03	0.03	38.91	38.91	0.00	0.00	0.00	0.000000	0.000000	0.000000	0.000000	0.000000
211112	100227	Erdos Miller	89	119	80	1327.22	30.27	0.03	0.03	38.91	38.91	0.00	0.00	0.00	0.000000	0.000000	0.000000	0.000000	0.000000
211112	100228	Erdos Miller	89	122	89	1402.90	30.27	0.03	0.03	38.91	38.91	0.00	0.00	0.00	0.000000	0.000000	0.000000	0.000000	0.000000
211112	100229	Erdos Miller	91	121	80	1340.82	30.27	0.03	0.03	38.91	38.91	0.00	0.00	0.00	0.000000	0.000000	0.000000	0.000000	0.000000
211112	100230	Erdos Miller	90	118	77	1307.32	30.27	0.03	0.03	38.91	38.91	0.00	0.00	0.00	0.000000	0.000000	0.000000	0.000000	0.000000
211112	100231	Erdos Miller	92	118	79	1317.48	30.27	0.03	0.03	38.91	38.91	0.00	0.00	0.00	0.000000	0.000000	0.000000	0.000000	0.000000
211112	100232	Erdos Miller	89	118	79	1304.63	30.27	0.03	0.03	38.91	38.91	0.00	0.00	0.00	0.000000	0.000000	0.000000	0.000000	0.000000
211112	100233	Erdos Miller	93	122	86	1392.96	30.27	0.03	0.03	38.91	38.91	0.00	0.00	0.00	0.000000	0.000000	0.000000	0.000000	0.000000
211112	100234	Erdos Miller	91	121	80	1343.69	30.27	0.03	0.03	38.91	38.91	0.00	0.00	0.00	0.000000	0.000000	0.000000	0.000000	0.000000
211112	100235	Erdos Miller	90	120	79	1314.16	30.27	0.03	0.03	38.91	38.91	0.00	0.00	0.00	0.000000	0.000000	0.000000	0.000000	0.000000
211112	100236	Erdos Miller	92	120	86	1373.13	30.27	0.03	0.03	38.91	38.91	0.00	0.00	0.00	0.000000	0.000000	0.000000	0.000000	0.000000
211112	100237	Erdos Miller	90	117	79	1302.80	30.27	0.03	0.03	38.91	38.91	0.00	0.00	0.00	0.000000	0.000000	0.000000	0.000000	0.000000
   0	100238	Erdos Miller	90	123	82	1370.97	30.27	0.03	0.03	38.91	38.91	0.00	0.00	0.00	0.000000	0.000000	0.000000	0.000000	0.000000
   0	100239	Erdos Miller	90	120	103	1482.71	30.27	0.03	0.03	38.91	38.91	0.00	0.00	0.00	0.000000	0.000000	0.000000	0.000000	0.000000
   0	100240	Erdos Miller	92	116	88	1357.26	30.27	0.03	0.03	38.91	38.91	0.00	0.00	0.00	0.000000	0.000000	0.000000	0.000000	0.000000
   0	100241	Erdos Miller	91	121	85	1371.02	30.27	0.03	0.03	38.91	38.91	0.00	0.00	0.00	0.000000	0.000000	0.000000	0.000000	0.000000
   0	100242	Erdos Miller	91	122	84	1366.05	30.27	0.03	0.03	38.91	38.91	0.00	0.00	0.00	0.000000	0.000000	0.000000	0.000000	0.000000
   0	100243	Erdos Miller	91	121	85	1375.22	30.27	0.03	0.03	38.91	38.91	0.00	0.00	0.00	0.000000	0.000000	0.000000	0.000000	0.000000
   0	100244	Erdos Miller	94	122	82	1350.47	30.27	0.03	0.03	38.91	38.91	0.00	0.00	0.00	0.000000	0.000000	0.000000	0.000000	0.000000
   0	100245	Erdos Miller	92	120	80	1326.20	30.27	0.03	0.03	38.91	38.91	0.00	0.00	0.00	0.000000	0.000000	0.000000	0.000000	0.000000
   0	100246	Erdos Miller	90	117	96	1412.93	30.27	0.03	0.03	38.91	38.91	0.00	0.00	0.00	0.000000	0.000000	0.000000	0.000000	0.000000
   0	100247	Erdos Miller	88	124	91	1434.93	30.27	0.03	0.03	38.91	38.91	0.00	0.00	0.00	0.000000	0.000000	0.000000	0.000000	0.000000
   0	100248	Erdos Miller	86	119	84	1349.81	30.27	0.03	0.03	38.91	38.91	0.00	0.00	0.00	0.000000	0.000000	0.000000	0.000000	0.000000
   0	100249	Erdos Miller	87	123	73	1305.49	30.27	0.03	0.03	38.91	38.91	0.00	0.00	0.00	0.000000	0.000000	0.000000	0.000000	0.000000
211112	100250	Erdos Miller	93	127	75	1348.51	30.27	0.03	0.03	38.91	38.91	0.00	0.00	0.00	0.000000	0.000000	0.000000	0.000000	0.000000	0.000000
211112	100251	Erdos Miller	89	124	84	1392.06	30.27	0.03	0.03	38.91	38.91	0.00	0.00	0.00	0.000000	0.000000	0.000000	0.000000	0.000000	0.000000
211112	100252	Erdos Miller	89	122	90	1413.01	30.27	0.03	0.03	38.91	38.91	0.00	0.00	0.00	0.000000	0.000000	0.000000	0.000000	0.000000	0.000000
211112	100253	Erdos Miller	89	127	80	1369.17	30.27	0.03	0.03	38.91	38.91	0.00	0.00	0.00	0.000000	0.000000	0.000000	0.000000	0.000000	0.000000
211112	100254	Erdos Miller	92	122	66	1248.82	30.27	0.03	0.03	38.91	38.91	0.00	0.00	0.00	0.000000	0.000000	0.000000	0.000000	0.000000	0.000000
211112	100255	Erdos Miller	93	126	75	1349.10	30.27	0.03	0.03	38.91	38.91	0.00	0.00	0.00	0.000000	0.000000	0.000000	0.000000	0.000000	0.000000
211112	100256	Erdos Miller	91	122	76	1324.89	30.27	0.03	0.03	38.91	38.91	0.00	0.00	0.00	0.000000	0.000000	0.000000	0.000000	0.000000	0.000000
211112	100257	Erdos Miller	91	115	85	1342.54	30.27	0.03	0.03	38.91	38.91	0.00	0.00	0.00	0.000000	0.000000	0.000000	0.000000	0.000000	0.000000
211112	100258	Erdos Miller	93	121	76	1315.73	30.27	0.03	0.03	38.91	38.91	0.00	0.00	0.00	0.000000	0.000000	0.000000	0.000000	0.000000	0.000000
211112	100259	Erdos Miller	92	119	91	1406.05	30.27	0.03	0.03	38.91	38.91	0.00	0.00	0.00	0.000000	0.000000	0.000000	0.000000	0.000000	0.000000
211112	100300	Erdos Miller	91	118	87	1368.86	30.27	0.03	0.03	38.91	38.91	0.00	0.00	0.00	0.000000	0.000000	0.000000	0.000000	0.000000	0.000000
211112	100301	Erdos Miller	87	115	76	1280.82	30.27	0.03	0.03	38.91	38.91	0.00	0.00	0.00	0.000000	0.000000	0.000000	0.000000	0.000000		0.000000
211112	100302	Erdos Miller	89	115	88	1362.99	30.27	0.03	0.03	38.91	38.91	0.00	0.00	0.00	0.000000	0.000000	0.000000	0.000000	0.000000		0.000000
211112	100303	Erdos Miller	88	119	92	1412.15	30.27	0.03	0.03	38.91	38.91	0.00	0.00	0.00	0.000000	0.000000	0.000000	0.000000	0.000000		0.000000
211112	100304	Erdos Miller	88	117	90	1378.37	30.27	0.03	0.03	38.91	38.91	0.00	0.00	0.00	0.000000	0.000000	0.000000	0.000000	0.000000		0.000000
211112	100305	Erdos Miller	90	125	80	1355.02	30.27	0.03	0.03	38.91	38.91	0.00	0.00	0.00	0.000000	0.000000	0.000000	0.000000	0.000000		0.000000
211112	100306	Erdos Miller	89	122	80	1346.94	30.27	0.03	0.03	38.91	38.91	0.00	0.00	0.00	0.000000	0.000000	0.000000	0.000000	0.000000		0.000000
211112	100307	Erdos Miller	89	120	91	1410.88	30.27	0.03	0.03	38.91	38.91	0.00	0.00	0.00	0.000000	0.000000	0.000000	0.000000	0.000000		0.000000
211112	100308	Erdos Miller	90	122	73	1297.20	30.27	0.03	0.03	38.91	38.91	0.00	0.00	0.00	0.000000	0.000000	0.000000	0.000000	0.000000		0.000000
211112	100309	Erdos Miller	90	127	79	1379.42	30.27	0.03	0.03	38.91	38.91	0.00	0.00	0.00	0.000000	0.000000	0.000000	0.000000	0.000000			0.000000
211112	100310	Erdos Miller	89	120	71	1283.64	30.27	0.03	0.03	38.91	38.91	0.00	0.00	0.00	0.000000	0.000000	0.000000	0.000000	0.000000			0.000000
211112	100311	Erdos Miller	90	121	80	1338.19	30.27	0.03	0.03	38.91	38.91	0.00	0.00	0.00	0.000000	0.000000	0.000000	0.000000	0.000000			0.000000
211112	100312	Erdos Miller	92	122	80	1350.17	30.27	0.03	0.03	38.91	38.91	0.00	0.00	0.00	0.000000	0.000000	0.000000	0.000000	0.000000			0.000000
211112	100313	Erdos Miller	92	123	77	1333.23	30.27	0.03	0.03	38.91	38.91	0.00	0.00	0.00	0.000000	0.000000	0.000000	0.000000	0.000000			0.000000
211112	100314	Erdos Miller	91	119	84	1344.72	30.27	0.03	0.03	38.91	38.91	0.00	0.00	0.00	0.000000	0.000000	0.000000	0.000000	0.000000			0.000000
211112	100315	Erdos Miller	87	122	86	1382.66	30.27	0.03	0.03	38.91	38.91	0.00	0.00	0.00	0.000000	0.000000	0.000000	0.000000	0.000000			0.000000
211112	100316	Erdos Miller	90	118	77	1300.30	30.27	0.03	0.03	38.91	38.91	0.00	0.00	0.00	0.000000	0.000000	0.000000	0.000000	0.000000			0.000000
211112	100317	Erdos Miller	90	121	63	1234.03	30.27	0.03	0.03	38.91	38.91	0.00	0.00	0.00	0.000000	0.000000	0.000000	0.000000	0.000000			0.000000
211112	100318	Erdos Miller	89	117	76	1284.20	30.27	0.03	0.03	38.91	38.91	0.00	0.00	0.00	0.000000	0.000000	0.000000	0.000000	0.000000			0.000000
211112	100319	Erdos Miller	91	120	77	1310.29	30.27	0.03	0.03	38.91	38.91	0.00	0.00	0.00	0.000000	0.000000	0.000000	0.000000	0.000000			0.000000	0.000000
211112	100320	Erdos Miller	90	121	80	1326.29	30.27	0.03	0.03	38.91	38.91	0.00	0.00	0.00	0.000000	0.000000	0.000000	0.000000	0.000000			0.000000	0.000000
211112	100321	Erdos Miller	90	121	81	1350.55	30.27	0.03	0.03	38.91	38.91	0.00	0.00	0.00	0.000000	0.000000	0.000000	0.000000	0.000000			0.000000	0.000000
211112	100322	Erdos Miller	91	120	76	1301.93	30.27	0.03	0.03	38.91	38.91	0.00	0.00	0.00	0.000000	0.000000	0.000000	0.000000	0.000000			0.000000	0.000000
211112	100323	Erdos Miller	91	119	66	1233.12	30.27	0.03	0.03	38.91	38.91	0.00	0.00	0.00	0.000000	0.000000	0.000000	0.000000	0.000000			0.000000	0.000000
211112	100324	Erdos Miller	89	114	71	1233.96	30.27	0.03	0.03	38.91	38.91	0.00	0.00	0.00	0.000000	0.000000	0.000000	0.000000	0.000000			0.000000	0.000000
211112	100325	Erdos Miller	90	115	80	1300.61	30.27	0.03	0.03	38.91	38.91	0.00	0.00	0.00	0.000000	0.000000	0.000000	0.000000	0.000000			0.000000	0.000000
211112	100326	Erdos Miller	89	114	78	1274.69	30.27	0.03	0.03	38.91	38.91	0.00	0.00	0.00	0.000000	0.000000	0.000000	0.000000	0.000000			0.000000	0.000000
211112	100327	Erdos Miller	87	120	88	1389.32	30.27	0.03	0.03	38.91	38.91	0.00	0.00	0.00	0.000000	0.000000	0.000000	0.000000	0.000000			0.000000	0.000000	 0
211112	100328	Erdos Miller	88	118	77	1303.00	30.27	0.03	0.03	38.91	38.91	0.00	0.00	0.00	0.000000	0.000000	0.000000	0.000000	0.000000			0.000000	0.000000	 0
211112	100329	Erdos Miller	86	115	78	1284.04	30.27	0.03	0.03	38.91	38.91	0.00	0.00	0.00	0.000000	0.000000	0.000000	0.000000	0.000000			0.000000	0.000000	 0
211112	100330	Erdos Miller	90	115	74	1269.05	30.27	0.03	0.03	38.91	38.91	0.00	0.00	0.00	0.000000	0.000000	0.000000	0.000000	0.000000			0.000000	0.000000	 0
211112	100331	Erdos Miller	89	117	78	1298.73	30.27	0.03	0.03	38.91	38.91	0.00	0.00	0.00	0.000000	0.000000	0.000000	0.000000	0.000000			0.000000	0.000000	 0
211112	100332	Erdos Miller	92	123	83	1377.93	30.27	0.03	0.03	38.91	38.91	0.00	0.00	0.00	0.000000	0.000000	0.000000	0.000000	0.000000			0.000000	0.000000	 0
211112	100333	Erdos Miller	92	129	86	1421.88	30.27	0.03	0.03	38.91	38.91	0.00	0.00	0.00	0.000000	0.000000	0.000000	0.000000	0.000000			0.000000	0.000000	 0
211112	100334	Erdos Miller	90	119	82	1350.68	30.27	0.03	0.03	38.91	38.91	0.00	0.00	0.00	0.000000	0.000000	0.000000	0.000000	0.000000			0.000000	0.000000	 0
211112	100335	Erdos Miller	89	119	74	1277.22	30.27	0.03	0.03	38.91	38.91	0.00	0.00	0.00	0.000000	0.000000	0.000000	0.000000	0.000000			0.000000	0.000000	 0
211112	100336	Erdos Miller	88	123	76	1334.72	30.27	0.03	0.03	38.91	38.91	0.00	0.00	0.00	0.000000	0.000000	0.000000	0.000000	0.000000			0.000000	0.000000	 0
211112	100337	Erdos Miller	88	125	74	1331.37	30.27	0.03	0.03	38.91	38.91	0.00	0.00	0.00	0.000000	0.000000	0.000000	0.000000	0.000000			0.000000	0.000000	 0
211112	100338	Erdos Miller	87	129	80	1395.13	30.27	0.03	0.03	38.91	38.91	0.00	0.00	0.00	0.000000	0.000000	0.000000	0.000000	0.000000			0.000000	0.000000	 0
211112	100339	Erdos Miller	89	125	85	1413.75	30.27	0.03	0.03	38.91	38.91	0.00	0.00	0.00	0.000000	0.000000	0.000000	0.000000	0.000000			0.000000	0.000000	 0
211112	100340	Erdos Miller	90	121	87	1395.55	30.27	0.03	0.03	38.91	38.91	0.00	0.00	0.00	0.000000	0.000000	0.000000	0.000000	0.000000			0.000000	0.000000	 0
211112	100341	Erdos Miller	91	116	84	1324.01	30.27	0.03	0.03	38.91	38.91	0.00	0.00	0.00	0.000000	0.000000	0.000000	0.000000	0.000000			0.000000	0.000000	 0
211112	100342	Erdos Miller	91	123	78	1336.46	30.27	0.03	0.03	38.91	38.91	0.00	0.00	0.00	0.000000	0.000000	0.000000	0.000000	0.000000			0.000000	0.000000	 0
211112	100343	Erdos Miller	90	117	72	1269.16	30.27	0.03	0.03	38.91	38.91	0.00	0.00	0.00	0.000000	0.000000	0.000000	0.000000	0.000000			0.000000	0.000000	 0	0.000000
211112	100344	Erdos Miller	89	114	79	1278.91	30.27	0.03	0.03	38.91	38.91	0.00	0.00	0.00	0.000000	0.000000	0.000000	0.000000	0.000000			0.000000	0.000000	 0	0.000000
211112	100345	Erdos Miller	92	116	90	1382.93	30.27	0.03	0.03	38.91	38.91	0.00	0.00	0.00	0.000000	0.000000	0.000000	0.000000	0.000000			0.000000	0.000000	 0	0.000000
211112	100346	Erdos Miller	87	119	91	1406.87	30.27	0.03	0.03	38.91	38.91	0.00	0.00	0.00	0.000000	0.000000	0.000000	0.000000	0.000000			0.000000	0.000000	 0	0.000000
211112	100347	Erdos Miller	91	122	82	1356.31	30.27	0.03	0.03	38.91	38.91	0.00	0.00	0.00	0.000000	0.000000	0.000000	0.000000	0.000000			0.000000	0.000000	 0	0.000000
211112	100348	Erdos Miller	90	123	89	1408.73	30.27	0.03	0.03	38.91	38.91	0.00	0.00	0.00	0.000000	0.000000	0.000000	0.000000	0.000000			0.000000	0.000000	 0	0.000000
211112	100349	Erdos Miller	93	122	82	1361.58	30.27	0.03	0.03	38.91	38.91	0.00	0.00	0.00	0.000000	0.000000	0.000000	0.000000	0.000000			0.000000	0.000000	 0	0.000000
211112	100350	Erdos Miller	91	120	80	1327.20	30.27	0.03	0.03	38.91	38.91	0.00	0.00	0.00	0.000000	0.000000	0.000000	0.000000	0.000000			0.000000	0.000000	 0	0.000000
211112	100351	Erdos Miller	89	126	87	1421.13	30.27	0.03	0.03	38.91	38.91	0.00	0.00	0.00	0.000000	0.000000	0.000000	0.000000	0.000000			0.000000	0.000000	 0	0.000000
211112	100352	Erdos Miller	91	124	77	1337.33	30.27	0.03	0.03	38.91	38.91	0.00	0.00	0.00	0.000000	0.000000	0.000000	0.000000	0.000000			0.000000	0.000000	 0	0.000000
211112	100353	Erdos Miller	91	122	79	1340.83	30.27	0.03	0.03	38.91	38.91	0.00	0.00	0.00	0.000000	0.000000	0.000000	0.000000	0.000000			0.000000	0.000000	 0	0.000000
211112	100354	Erdos Miller	90	119	75	1300.15	30.27	0.03	0.03	38.91	38.91	0.00	0.00	0.00	0.000000	0.000000	0.000000	0.000000	0.000000			0.000000	0.000000	 0	0.000000
211112	100355	Erdos Miller	92	115	76	1262.88	30.27	0.03	0.03	38.91	38.91	0.00	0.00	0.00	0.000000	0.000000	0.000000	0.000000	0.000000			0.000000	0.000000	 0	0.000000
211112	100356	Erdos Miller	92	121	92	1422.10	30.27	0.03	0.03	38.91	38.91	0.00	0.00	0.00	0.000000	0.000000	0.000000	0.000000	0.000000			0.000000	0.000000	 0	0.000000
211112	100357	Erdos Miller	89	118	80	1311.08	30.27	0.03	0.03	38.91	38.91	0.00	0.00	0.00	0.000000	0.000000	0.000000	0.000000	0.000000			0.000000	0.000000	 0	0.000000
211112	100358	Erdos Miller	89	118	83	1333.12	30.27	0.03	0.03	38.91	38.91	0.00	0.00	0.00	0.000000	0.000000	0.000000	0.000000	0.000000			0.000000	0.000000	 0	0.000000
211112	100359	Erdos Miller	88	117	85	1341.84	30.27	0.03	0.03	38.91	38.91	0.00	0.00	0.00	0.000000	0.000000	0.000000	0.000000	0.000000			0.000000	0.000000	 0	0.000000
211112	100400	Erdos Miller	89	123	82	1374.33	30.27	0.03	0.03	38.91	38.91	0.00	0.00	0.00	0.000000	0.000000	0.000000	0.000000	0.000000			0.000000	0.000000	 0	0.000000
211112	100401	Erdos Miller	89	125	77	1348.35	30.27	0.03	0.03	38.91	38.91	0.00	0.00	0.00	0.000000	0.000000	0.000000	0.000000	0.000000			0.000000	0.000000	 0	0.000000
211112	100402	Erdos Miller	92	122	73	1292.20	30.27	0.03	0.03	38.91	38.91	0.00	0.00	0.00	0.000000	0.000000	0.000000	0.000000	0.000000			0.000000	0.000000	 0	0.000000
211112	100403	Erdos Miller	90	118	78	1301.36	30.27	0.03	0.03	38.91	38.91	0.00	0.00	0.00	0.000000	0.000000	0.000000	0.000000	0.000000			0.000000	0.000000	 0	0.000000
211112	100404	Erdos Miller	91	121	80	1329.74	30.27	0.03	0.03	38.91	38.91	0.00	0.00	0.00	0.000000	0.000000	0.000000	0.000000	0.000000			0.000000	0.000000	 0	0.000000
211112	100405	Erdos Miller	89	125	81	1376.75	30.27	0.03	0.03	38.91	38.91	0.00	0.00	0.00	0.000000	0.000000	0.000000	0.000000	0.000000			0.000000	0.000000	 0	0.000000	0.000000
211112	100406	Erdos Miller	90	126	85	1406.22	30.27	0.03	0.03	38.91	38.91	0.00	0.00	0.00	0.000000	0.000000	0.000000	0.000000	0.000000			0.000000	0.000000	 0	0.000000	0.000000
211112	100407	Erdos Miller	90	127	84	1406.55	30.27	0.03	0.03	38.91	38.91	0.00	0.00	0.00	0.000000	0.000000	0.000000	0.000000	0.000000			0.000000	0.000000	 0	0.000000	0.000000
211112	100408	Erdos Miller	90	126	89	1433.40	30.27	0.03	0.03	38.91	38.91	0.00	0.00	0.00	0.000000	0.000000	0.000000	0.000000	0.000000			0.000000	0.000000	 0	0.000000	0.000000
211112	100409	Erdos Miller	91	124	80	1354.31	30.27	0.03	0.03	38.91	38.91	0.00	0.00	0.00	0.000000	0.000000	0.000000	0.000000	0.000000			0.000000	0.000000	 0	0.000000	0.000000
211112	100410	Erdos Miller	93	127	90	1450.80	30.27	0.03	0.03	38.91	38.91	0.00	0.00	0.00	0.000000	0.000000	0.000000	0.000000	0.000000			0.000000	0.000000	 0	0.000000	0.000000
211112	100411	Erdos Miller	91	125	88	1416.41	30.27	0.03	0.03	38.91	38.91	0.00	0.00	0.00	0.000000	0.000000	0.000000	0.000000	0.000000			0.000000	0.000000	 0	0.000000	0.000000
211112	100412	Erdos Miller	92	122	87	1391.63	30.27	0.03	0.03	38.91	38.91	0.00	0.00	0.00	0.000000	0.000000	0.000000	0.000000	0.000000			0.000000	0.000000	 0	0.000000	0.000000
211112	100413	Erdos Miller	91	123	80	1341.39	30.27	0.03	0.03	38.91	38.91	0.00	0.00	0.00	0.000000	0.000000	0.000000	0.000000	0.000000			0.000000	0.000000	 0	0.000000	0.000000
211112	100414	Erdos Miller	90	124	82	1380.17	30.27	0.03	0.03	38.91	38.91	0.00	0.00	0.00	0.000000	0.000000	0.000000	0.000000	0.000000			0.000000	0.000000	 0	0.000000	0.000000
211112	100415	Erdos Miller	90	119	84	1353.73	30.27	0.03	0.03	38.91	38.91	0.00	0.00	0.00	0.000000	0.000000	0.000000	0.000000	0.000000			0.000000	0.000000	 0	0.000000	0.000000
211112	100416	Erdos Miller	88	116	88	1369.65	30.27	0.03	0.03	38.91	38.91	0.00	0.00	0.00	0.000000	0.000000	0.000000	0.000000	0.000000			0.000000	0.000000	 0	0.000000	0.000000
211112	100417	Erdos Miller	89	114	85	1328.55	30.27	0.03	0.03	38.91	38.91	0.00	0.00	0.00	0.000000	0.000000	0.000000	0.000000	0.000000			0.000000	0.000000	 0	0.000000	0.000000
211112	100418	Erdos Miller	90	113	78	1263.88	30.27	0.03	0.03	38.91	38.91	0.00	0.00	0.00	0.000000	0.000000	0.000000	0.000000	0.000000			0.000000	0.000000	 0	0.000000	0.000000
211112	100419	Erdos Miller	90	117	82	1323.29	30.27	0.03	0.03	38.91	38.91	0.00	0.00	0.00	0.000000	0.000000	0.000000	0.000000	0.000000			0.000000	0.000000	 0	0.000000	0.000000
211112	100420	Erdos Miller	91	119	83	1352.51	30.27	0.03	0.03	38.91	38.91	0.00	0.00	0.00	0.000000	0.000000	0.000000	0.000000	0.000000			0.000000	0.000000	 0	0.000000	0.000000	0.000000
211112	100421	Erdos Miller	91	117	77	1285.92	30.27	0.03	0.03	38.91	38.91	0.00	0.00	0.00	0.000000	0.000000	0.000000	0.000000	0.000000			0.000000	0.000000	 0	0.000000	0.000000	0.000000
211112	100422	Erdos Miller	90	118	93	1398.32	30.27	0.03	0.03	38.91	38.91	0.00	0.00	0.00	0.000000	0.000000	0.000000	0.000000	0.000000			0.000000	0.000000	 0	0.000000	0.000000	0.000000
211112	100423	Erdos Miller	88	120	91	1416.61	30.27	0.03	0.03	38.91	38.91	0.00	0.00	0.00	0.000000	0.000000	0.000000	0.000000	0.000000			0.000000	0.000000	 0	0.000000	0.000000	0.000000
211112	100424	Erdos Miller	90	123	82	1365.44	30.27	0.03	0.03	38.91	38.91	0.00	0.00	0.00	0.000000	0.000000	0.000000	0.000000	0.000000			0.000000	0.000000	 0	0.000000	0.000000	0.000000
211112	100426	Erdos Miller	89	122	89	1398.84	30.27	0.03	0.03	38.91	38.91	0.00	0.00	0.00	0.000000	0.000000	0.000000	0.000000	0.000000			0.000000	0.000000	 0	0.000000	0.000000	0.000000
211112	100427	Erdos Miller	90	123	90	1415.81	30.27	0.03	0.03	38.91	38.91	0.00	0.00	0.00	0.000000	0.000000	0.000000	0.000000	0.000000			0.000000	0.000000	 0	0.000000	0.000000	0.000000
211112	100428	Erdos Miller	90	114	83	1305.81	30.27	0.03	0.03	38.91	38.91	0.00	0.00	0.00	0.000000	0.000000	0.000000	0.000000	0.000000			0.000000	0.000000	 0	0.000000	0.000000	0.000000
211112	100429	Erdos Miller	86	118	78	1310.26	30.27	0.03	0.03	38.91	38.91	0.00	0.00	0.00	0.000000	0.000000	0.000000	0.000000	0.000000			0.000000	0.000000	 0	0.000000	0.000000	0.000000
211112	100430	Erdos Miller	89	122	75	1313.15	30.27	0.03	0.03	38.91	38.91	0.00	0.00	0.00	0.000000	0.000000	0.000000	0.000000	0.000000			0.000000	0.000000	 0	0.000000	0.000000	0.000000
211112	100431	Erdos Miller	89	124	72	1306.93	30.27	0.03	0.03	38.91	38.91	0.00	0.00	0.00	0.000000	0.000000	0.000000	0.000000	0.000000	0.000000		0.000000	0.000000	 0	0.000000	0.000000	0.000000
211112	100432	Erdos Miller	93	126	71	1311.59	30.27	0.03	0.03	38.91	38.91	0.00	0.00	0.00	0.000000	0.000000	0.000000	0.000000	0.000000	0.000000		0.000000	0.000000	 0	0.000000	0.000000	0.000000
211112	100433	Erdos Miller	91	120	80	1331.52	30.27	0.03	0.03	38.91	38.91	0.00	0.00	0.00	0.000000	0.000000	0.000000	0.000000	0.000000	0.000000		0.000000	0.000000	 0	0.000000	0.000000	0.000000
211112	100434	Erdos Miller	91	122	67	1269.14	30.27	0.03	0.03	38.91	38.91	0.00	0.00	0.00	0.000000	0.000000	0.000000	0.000000	0.000000	0.000000		0.000000	0.000000	 0	0.000000	0.000000	0.000000
211112	100435	Erdos Miller	91	122	73	1298.66	30.27	0.03	0.03	38.91	38.91	0.00	0.00	0.00	0.000000	0.000000	0.000000	0.000000	0.000000	0.000000		0.000000	0.000000	 0	0.000000	0.000000	0.000000
211112	100436	Erdos Miller	90	127	78	1378.28	30.27	0.03	0.03	38.91	38.91	0.00	0.00	0.00	0.000000	0.000000	0.000000	0.000000	0.000000	0.000000		0.000000	0.000000	 0	0.000000	0.000000	0.000000
211112	100437	Erdos Miller	90	123	86	1402.64	30.27	0.03	0.03	38.91	38.91	0.00	0.00	0.00	0.000000	0.000000	0.000000	0.000000	0.000000	0.000000		0.000000	0.000000	 0	0.000000	0.000000	0.000000
211112	100438	Erdos Miller	90	122	80	1347.73	30.27	0.03	0.03	38.91	38.91	0.00	0.00	0.00	0.000000	0.000000	0.000000	0.000000	0.000000	0.000000		0.000000	0.000000	 0	0.000000	0.000000	0.000000
211112	100439	Erdos Miller	88	117	73	1276.80	30.27	0.03	0.03	38.91	38.91	0.00	0.00	0.00	0.000000	0.000000	0.000000	0.000000	0.000000	0.000000		0.000000	0.000000	 0	0.000000	0.000000	0.000000
211112	100440	Erdos Miller	87	122	73	1293.53	30.27	0.03	0.03	38.91	38.91	0.00	0.00	0.00	0.000000	0.000000	0.000000	0.000000	0.000000	0.000000		0.000000	0.000000	 0	0.000000	0.000000	0.000000
211112	100441	Erdos Miller	85	115	77	1287.58	30.27	0.03	0.03	38.91	38.91	0.00	0.00	0.00	0.000000	0.000000	0.000000	0.000000	0.000000	0.000000		0.000000	0.000000	 0	0.000000	0.000000	0.000000
211112	100442	Erdos Miller	87	114	86	1339.38	30.27	0.03	0.03	38.91	38.91	0.00	0.00	0.00	0.000000	0.000000	0.000000	0.000000	0.000000	0.000000		0.000000	0.000000	 0	0.000000	0.000000	0.000000
211112	100443	Erdos Miller	88	119	78	1311.10	30.27	0.03	0.03	38.91	38.91	0.00	0.00	0.00	0.000000	0.000000	0.000000	0.000000	0.000000	0.000000		0.000000	0.000000	 0	0.000000	0.000000	0.000000
211112	100444	Erdos Miller	91	114	77	1276.07	30.27	0.03	0.03	38.91	38.91	0.00	0.00	0.00	0.000000	0.000000	0.000000	0.000000	0.000000	0.000000		0.000000	0.000000	 0	0.000000	0.000000	0.000000
211112	100445	Erdos Miller	90	113	77	1262.28	30.27	0.03	0.03	38.91	38.91	0.00	0.00	0.00	0.000000	0.000000	0.000000	0.000000	0.000000	0.000000		0.000000	0.000000	 0	0.000000	0.000000	0.000000
211112	100446	Erdos Miller	90	117	70	1250.36	30.27	0.03	0.03	38.91	38.91	0.00	0.00	0.00	0.000000	0.000000	0.000000	0.000000	0.000000	0.000000		0.000000	0.000000	 0	0.000000	0.000000	0.000000
211112	100447	Erdos Miller	90	121	85	1374.40	30.27	0.03	0.03	38.91	38.91	0.00	0.00	0.00	0.000000	0.000000	0.000000	0.000000	0.000000	0.000000		0.000000	0.000000	 0	0.000000	0.000000	0.000000
211112	100448	Erdos Miller	89	122	80	1344.38	30.27	0.03	0.03	38.91	38.91	0.00	0.00	0.00	0.000000	0.000000	0.000000	0.000000	0.000000	0.000000		0.000000	0.000000	 0	0.000000	0.000000	0.000000
211112	100449	Erdos Miller	89	118	83	1332.05	30.27	0.03	0.03	38.91	38.91	0.00	0.00	0.00	0.000000	0.000000	0.000000	0.000000	0.000000	0.000000		0.000000	0.000000	 0	0.000000	0.000000	0.000000
211112	100450	Erdos Miller	90	121	71	1285.25	30.27	0.03	0.03	38.91	38.91	0.00	0.00	0.00	0.000000	0.000000	0.000000	0.000000	0.000000	0.000000		0.000000	0.000000	 0	0.000000	0.000000	0.000000
211112	100451	Erdos Miller	92	117	78	1308.16	30.27	0.03	0.03	38.91	38.91	0.00	0.00	0.00	0.000000	0.000000	0.000000	0.000000	0.000000	0.000000		0.000000	0.000000	 0	0.000000	0.000000	0.000000
211112	100452	Erdos Miller	92	121	74	1306.79	30.27	0.03	0.03	38.91	38.91	0.00	0.00	0.00	0.000000	0.000000	0.000000	0.000000	0.000000	0.000000		0.000000	0.000000	 0	0.000000	0.000000	0.000000
211112	100453	Erdos Miller	91	122	80	1355.19	30.27	0.03	0.03	38.91	38.91	0.00	0.00	0.00	0.000000	0.000000	0.000000	0.000000	0.000000	0.000000		0.000000	0.000000	 0	0.000000	0.000000	0.000000
211112	100454	Erdos Miller	92	121	77	1329.85	30.27	0.03	0.03	38.91	38.91	0.00	0.00	0.00	0.000000	0.000000	0.000000	0.000000	0.000000	0.000000		0.000000	0.000000	 0	0.000000	0.000000	0.000000
211112	100455	Erdos Miller	91	125	80	1373.32	30.27	0.03	0.03	38.91	38.91	0.00	0.00	0.00	0.000000	0.000000	0.000000	0.000000	0.000000	0.000000		0.000000	0.000000	 0	0.000000	0.000000	0.000000
211112	100456	Erdos Miller	88	127	73	1336.17	30.27	0.03	0.03	38.91	38.91	0.00	0.00	0.00	0.000000	0.000000	0.000000	0.000000	0.000000	0.000000		0.000000	0.000000	 0	0.000000	0.000000	0.000000
211112	100457	Erdos Miller	90	127	79	1363.71	30.27	0.03	0.03	38.91	38.91	0.00	0.00	0.00	0.000000	0.000000	0.000000	0.000000	0.000000	0.000000		0.000000	0.000000	 0	0.000000	0.000000	0.000000
211112	100458	Erdos Miller	90	118	77	1300.41	30.27	0.03	0.03	38.91	38.91	0.00	0.00	0.00	0.000000	0.000000	0.000000	0.000000	0.000000	0.000000		0.000000	0.000000	 0	0.000000	0.000000	0.000000
211112	100459	Erdos Miller	93	120	82	1343.81	30.27	0.03	0.03	38.91	38.91	0.00	0.00	0.00	0.000000	0.000000	0.000000	0.000000	0.000000	0.000000		0.000000	0.000000	 0	0.000000	0.000000	0.000000
211112	100500	Erdos Miller	90	126	89	1430.48	30.27	0.03	0.03	38.91	38.91	0.00	0.00	0.00	0.000000	0.000000	0.000000	0.000000	0.000000	0.000000		0.000000	0.000000	 0	0.000000	0.000000	0.000000
211112	100501	Erdos Miller	90	121	91	1399.90	30.27	0.03	0.03	38.91	38.91	0.00	0.00	0.00	0.000000	0.000000	0.000000	0.000000	0.000000	0.000000		0.000000	0.000000	 0	0.000000	0.000000	0.000000
211112	100502	Erdos Miller	90	122	72	1293.40	30.27	0.03	0.03	38.91	38.91	0.00	0.00	0.00	0.000000	0.000000	0.000000	0.000000	0.000000	0.000000		0.000000	0.000000	 0	0.000000	0.000000	0.000000
211112	100503	Erdos Miller	88	120	71	1273.43	30.27	0.03	0.03	38.91	38.91	0.00	0.00	0.00	0.000000	0.000000	0.000000	0.000000	0.000000	0.000000		0.000000	0.000000	 0	0.000000	0.000000	0.000000
211112	100504	Erdos Miller	90	120	72	1273.02	30.27	0.03	0.03	38.91	38.91	0.00	0.00	0.00	0.000000	0.000000	0.000000	0.000000	0.000000	0.000000		0.000000	0.000000	 0	0.000000	0.000000	0.000000
211112	100505	Erdos Miller	87	123	71	1290.52	30.27	0.03	0.03	38.91	38.91	0.00	0.00	0.00	0.000000	0.000000	0.000000	0.000000	0.000000	0.000000		0.000000	0.000000	 0	0.000000	0.000000	0.000000
211112	100506	Erdos Miller	87	124	87	1414.32	30.27	0.03	0.03	38.91	38.91	0.00	0.00	0.00	0.000000	0.000000	0.000000	0.000000	0.000000	0.000000		0.000000	0.000000	 0	0.000000	0.000000	0.000000
211112	100507	Erdos Miller	87	127	81	1386.29	30.27	0.03	0.03	38.91	38.91	0.00	0.00	0.00	0.000000	0.000000	0.000000	0.000000	0.000000	0.000000		0.000000	0.000000	 0	0.000000	0.000000	0.000000
211112	100508	Erdos Miller	89	125	74	1329.93	30.27	0.03	0.03	38.91	38.91	0.00	0.00	0.00	0.000000	0.000000	0.000000	0.000000	0.000000	0.000000		0.000000	0.000000	 0	0.000000	0.000000	0.000000
211112	100509	Erdos Miller	87	122	73	1299.37	30.27	0.03	0.03	38.91	38.91	0.00	0.00	0.00	0.000000	0.000000	0.000000	0.000000	0.000000	0.000000		0.000000	0.000000	 0	0.000000	0.000000	0.000000
211112	100510	Erdos Miller	92	124	86	1400.02	30.27	0.03	0.03	38.91	38.91	0.00	0.00	0.00	0.000000	0.000000	0.000000	0.000000	0.000000	0.000000		0.000000	0.000000	 0	0.000000	0.000000	0.000000
211112	100511	Erdos Miller	91	121	85	1377.46	30.27	0.03	0.03	38.91	38.91	0.00	0.00	0.00	0.000000	0.000000	0.000000	0.000000	0.000000	0.000000		0.000000	0.000000	 0	0.000000	0.000000	0.000000
211112	100512	Erdos Miller	91	122	80	1356.41	30.27	0.03	0.03	38.91	38.91	0.00	0.00	0.00	0.000000	0.000000	0.000000	0.000000	0.000000	0.000000		0.000000	0.000000	 0	0.000000	0.000000	0.000000
211112	100513	Erdos Miller	92	119	71	1267.62	30.27	0.03	0.03	38.91	38.91	0.00	0.00	0.00	0.000000	0.000000	0.000000	0.000000	0.000000	0.000000		0.000000	0.000000	 0	0.000000	0.000000	0.000000
211112	100514	Erdos Miller	90	117	72	1249.05	30.27	0.03	0.03	38.91	38.91	0.00	0.00	0.00	0.000000	0.000000	0.000000	0.000000	0.000000	0.000000		0.000000	0.000000	 0	0.000000	0.000000	0.000000
211112	100515	Erdos Miller	91	119	77	1312.64	30.27	0.03	0.03	38.91	38.91	0.00	0.00	0.00	0.000000	0.000000	0.000000	0.000000	0.000000	0.000000		0.000000	0.000000	 0	0.000000	0.000000	0.000000
211112	100516	Erdos Miller	89	118	84	1348.34	30.27	0.03	0.03	38.91	38.91	0.00	0.00	0.00	0.000000	0.000000	0.000000	0.000000	0.000000	0.000000		0.000000	0.000000	 0	0.000000	0.000000	0.000000
211112	100517	Erdos Miller	92	127	81	1389.74	30.27	0.03	0.03	38.91	38.91	0.00	0.00	0.00	0.000000	0.000000	0.000000	0.000000	0.000000	0.000000		0.000000	0.000000	 0	0.000000	0.000000	0.000000
211112	100518	Erdos Miller	91	119	76	1297.71	30.27	0.03	0.03	38.91	38.91	0.00	0.00	0.00	0.000000	0.000000	0.000000	0.000000	0.000000	0.000000		0.000000	0.000000	 0	0.000000	0.000000	0.000000
211112	100519	Erdos Miller	91	122	80	1340.74	30.27	0.03	0.03	38.91	38.91	0.00	0.00	0.00	0.000000	0.000000	0.000000	0.000000	0.000000	0.000000		0.000000	0.000000	 0	0.000000	0.000000	0.000000
211112	100520	Erdos Miller	92	118	85	1355.54	30.27	0.03	0.03	38.91	38.91	0.00	0.00	0.00	0.000000	0.000000	0.000000	0.000000	0.000000	0.000000		0.000000	0.000000	 0	0.000000	0.000000	0.000000
211112	100521	Erdos Miller	92	113	72	1231.59	30.27	0.03	0.03	38.91	38.91	0.00	0.00	0.00	0.000000	0.000000	0.000000	0.000000	0.000000	0.000000		0.000000	0.000000	 0	0.000000	0.000000	0.000000
211112	100522	Erdos Miller	91	116	73	1269.90	30.27	0.03	0.03	38.91	38.91	0.00	0.00	0.00	0.000000	0.000000	0.000000	0.000000	0.000000	0.000000		0.000000	0.000000	 0	0.000000	0.000000	0.000000
211112	100523	Erdos Miller	89	120	71	1281.00	30.27	0.03	0.03	38.91	38.91	0.00	0.00	0.00	0.000000	0.000000	0.000000	0.000000	0.000000	0.000000		0.000000	0.000000	 0	0.000000	0.000000	0.000000
211112	100524	Erdos Miller	91	113	77	1270.32	30.27	0.03	0.03	38.91	38.91	0.00	0.00	0.00	0.000000	0.000000	0.000000	0.000000	0.000000	0.000000		0.000000	0.000000	 0	0.000000	0.000000	0.000000
211112	100525	Erdos Miller	90	116	74	1270.28	30.27	0.03	0.03	38.91	38.91	0.00	0.00	0.00	0.000000	0.000000	0.000000	0.000000	0.000000	0.000000		0.000000	0.000000	 0	0.000000	0.000000	0.000000
211112	100526	Erdos Miller	92	122	67	1253.35	30.27	0.03	0.03	38.91	38.91	0.00	0.00	0.00	0.000000	0.000000	0.000000	0.000000	0.000000	0.000000		0.000000	0.000000	 0	0.000000	0.000000	0.000000
211112	100527	Erdos Miller	91	119	75	1294.90	30.27	0.03	0.03	38.91	38.91	0.00	0.00	0.00	0.000000	0.000000	0.000000	0.000000	0.000000	0.000000		0.000000	0.000000	 0	0.000000	0.000000	0.000000
211112	100528	Erdos Miller	88	122	79	1341.74	30.27	0.03	0.03	38.91	38.91	0.00	0.00	0.00	0.000000	0.000000	0.000000	0.000000	0.000000	0.000000		0.000000	0.000000	 0	0.000000	0.000000	0.000000
211112	100529	Erdos Miller	90	124	76	1328.10	30.27	0.03	0.03	38.91	38.91	0.00	0.00	0.00	0.000000	0.000000	0.000000	0.000000	0.000000	0.000000		0.000000	0.000000	 0	0.000000	0.000000	0.000000
211112	100530	Erdos Miller	89	122	80	1342.50	30.27	0.03	0.03	38.91	38.91	0.00	0.00	0.00	0.000000	0.000000	0.000000	0.000000	0.000000	0.000000		0.000000	0.000000	 0	0.000000	0.000000	0.000000
211112	100531	Erdos Miller	92	122	80	1335.92	30.27	0.03	0.03	38.91	38.91	0.00	0.00	0.00	0.000000	0.000000	0.000000	0.000000	0.000000	0.000000		0.000000	0.000000	 0	0.000000	0.000000	0.000000
211112	100532	Erdos Miller	89	123	82	1361.61	30.27	0.03	0.03	38.91	38.91	0.00	0.00	0.00	0.000000	0.000000	0.000000	0.000000	0.000000	0.000000		0.000000	0.000000	 0	0.000000	0.000000	0.000000
211112	100533	Erdos Miller	90	121	82	1348.28	30.27	0.03	0.03	38.91	38.91	0.00	0.00	0.00	0.000000	0.000000	0.000000	0.000000	0.000000	0.000000		0.000000	0.000000	 0	0.000000	0.000000	0.000000
211112	100534	Erdos Miller	91	122	77	1330.21	30.27	0.03	0.03	38.91	38.91	0.00	0.00	0.00	0.000000	0.000000	0.000000	0.000000	0.000000	0.000000		0.000000	0.000000	 0	0.000000	0.000000	0.000000
211112	100535	Erdos Miller	93	118	76	1289.82	30.27	0.03	0.03	38.91	38.91	0.00	0.00	0.00	0.000000	0.000000	0.000000	0.000000	0.000000	0.000000		0.000000	0.000000	 0	0.000000	0.000000	0.000000
211112	100536	Erdos Miller	90	120	76	1298.07	30.27	0.03	0.03	38.91	38.91	0.00	0.00	0.00	0.000000	0.000000	0.000000	0.000000	0.000000	0.000000		0.000000	0.000000	 0	0.000000	0.000000	0.000000
211112	100537	Erdos Miller	87	117	83	1341.91	30.27	0.03	0.03	38.91	38.91	0.00	0.00	0.00	0.000000	0.000000	0.000000	0.000000	0.000000	0.000000		0.000000	0.000000	 0	0.000000	0.000000	0.000000
211112	100538	Erdos Miller	87	120	79	1333.72	30.27	0.03	0.03	38.91	38.91	0.00	0.00	0.00	0.000000	0.000000	0.000000	0.000000	0.000000	0.000000		0.000000	0.000000	 0	0.000000	0.000000	0.000000
211112	100539	Erdos Miller	88	121	62	1214.07	30.27	0.03	0.03	38.91	38.91	0.00	0.00	0.00	0.000000	0.000000	0.000000	0.000000	0.000000	0.000000		0.000000	0.000000	 0	0.000000	0.000000	0.000000
211112	100540	Erdos Miller	86	117	64	1216.48	30.27	0.03	0.03	38.91	38.91	0.00	0.00	0.00	0.000000	0.000000	0.000000	0.000000	0.000000	0.000000		0.000000	0.000000	 0	0.000000	0.000000	0.000000
211112	100541	Erdos Miller	89	117	73	1264.56	30.27	0.03	0.03	38.91	38.91	0.00	0.00	0.00	0.000000	0.000000	0.000000	0.000000	0.000000	0.000000		0.000000	0.000000	 0	0.000000	0.000000	0.000000
211112	100542	Erdos Miller	89	115	83	1316.84	30.27	0.03	0.03	38.91	38.91	0.00	0.00	0.00	0.000000	0.000000	0.000000	0.000000	0.000000	0.000000		0.000000	0.000000	 0	0.000000	0.000000	0.000000
211112	100543	Erdos Miller	91	118	91	1398.42	30.27	0.03	0.03	38.91	38.91	0.00	0.00	0.00	0.000000	0.000000	0.000000	0.000000	0.000000	0.000000		0.000000	0.000000	 0	0.000000	0.000000	0.000000
211112	100544	Erdos Miller	88	117	80	1306.24	30.27	0.03	0.03	38.91	38.91	0.00	0.00	0.00	0.000000	0.000000	0.000000	0.000000	0.000000	0.000000		0.000000	0.000000	 0	0.000000	0.000000	0.000000
211112	100545	Erdos Miller	90	117	76	1294.40	30.27	0.03	0.03	38.91	38.91	0.00	0.00	0.00	0.000000	0.000000	0.000000	0.000000	0.000000	0.000000		0.000000	0.000000	 0	0.000000	0.000000	0.000000
211112	100546	Erdos Miller	89	124	88	1418.17	30.27	0.03	0.03	38.91	38.91	0.00	0.00	0.00	0.000000	0.000000	0.000000	0.000000	0.000000	0.000000		0.000000	0.000000	 0	0.000000	0.000000	0.000000
211112	100547	Erdos Miller	89	127	88	1421.88	30.27	0.03	0.03	38.91	38.91	0.00	0.00	0.00	0.000000	0.000000	0.000000	0.000000	0.000000	0.000000		0.000000	0.000000	 0	0.000000	0.000000	0.000000
211112	100548	Erdos Miller	88	123	87	1400.99	30.27	0.03	0.03	38.91	38.91	0.00	0.00	0.00	0.000000	0.000000	0.000000	0.000000	0.000000	0.000000		0.000000	0.000000	 0	0.000000	0.000000	0.000000
211112	100549	Erdos Miller	85	117	86	1351.00	30.27	0.03	0.03	38.91	38.91	0.00	0.00	0.00	0.000000	0.000000	0.000000	0.000000	0.000000	0.000000		0.000000	0.000000	 0	0.000000	0.000000	0.000000
211112	100550	Erdos Miller	87	114	83	1318.78	30.27	0.03	0.03	38.91	38.91	0.00	0.00	0.00	0.000000	0.000000	0.000000	0.000000	0.000000	0.000000		0.000000	0.000000	 0	0.000000	0.000000	0.000000
211112	100551	Erdos Miller	88	119	79	1327.16	30.27	0.03	0.03	38.91	38.91	0.00	0.00	0.00	0.000000	0.000000	0.000000	0.000000	0.000000	0.000000		0.000000	0.000000	 0	0.000000	0.000000	0.000000
211112	100552	Erdos Miller	88	117	90	1377.46	30.27	0.03	0.03	38.91	38.91	0.00	0.00	0.00	0.000000	0.000000	0.000000	0.000000	0.000000	0.000000		0.000000	0.000000	 0	0.000000	0.000000	0.000000
211112	100553	Erdos Miller	90	119	78	1316.13	30.27	0.03	0.03	38.91	38.91	0.00	0.00	0.00	0.000000	0.000000	0.000000	0.000000	0.000000	0.000000		0.000000	0.000000	 0	0.000000	0.000000	0.000000
211112	100554	Erdos Miller	91	120	83	1362.64	30.27	0.03	0.03	38.91	38.91	0.00	0.00	0.00	0.000000	0.000000	0.000000	0.000000	0.000000	0.000000		0.000000	0.000000	 0	0.000000	0.000000	0.000000
211112	100555	Erdos Miller	87	123	81	1372.56	30.27	0.03	0.03	38.91	38.91	0.00	0.00	0.00	0.000000	0.000000	0.000000	0.000000	0.000000	0.000000		0.000000	0.000000	 0	0.000000	0.000000	0.000000
211112	100556	Erdos Miller	90	115	83	1312.63	30.27	0.03	0.03	38.91	38.91	0.00	0.00	0.00	0.000000	0.000000	0.000000	0.000000	0.000000	0.000000		0.000000	0.000000	 0	0.000000	0.000000	0.000000
211112	100557	Erdos Miller	87	117	70	1241.14	30.27	0.03	0.03	38.91	38.91	0.00	0.00	0.00	0.000000	0.000000	0.000000	0.000000	0.000000	0.000000		0.000000	0.000000	 0	0.000000	0.000000	0.000000
211112	100558	Erdos Miller	90	120	75	1313.89	30.27	0.03	0.03	38.91	38.91	0.00	0.00	0.00	0.000000	0.000000	0.000000	0.000000	0.000000	0.000000		0.000000	0.000000	 0	0.000000	0.000000	0.000000
211112	100559	Erdos Miller	91	116	77	1279.57	30.27	0.03	0.03	38.91	38.91	0.00	0.00	0.00	0.000000	0.000000	0.000000	0.000000	0.000000	0.000000		0.000000	0.000000	 0	0.000000	0.000000	0.000000
211112	100600	Erdos Miller	89	116	75	1285.60	30.27	0.03	0.03	38.91	38.91	0.00	0.00	0.00	0.000000	0.000000	0.000000	0.000000	0.000000	0.000000		0.000000	0.000000	 0	0.000000	0.000000	0.000000
211112	100601	Erdos Miller	89	112	81	1285.16	30.27	0.03	0.03	38.91	38.91	0.00	0.00	0.00	0.000000	0.000000	0.000000	0.000000	0.000000	0.000000		0.000000	0.000000	 0	0.000000	0.000000	0.000000
211112	100602	Erdos Miller	90	116	78	1298.01	30.27	0.03	0.03	38.91	38.91	0.00	0.00	0.00	0.000000	0.000000	0.000000	0.000000	0.000000	0.000000		0.000000	0.000000	 0	0.000000	0.000000	0.000000
211112	100603	Erdos Miller	88	116	80	1305.50	30.27	0.03	0.03	38.91	38.91	0.00	0.00	0.00	0.000000	0.000000	0.000000	0.000000	0.000000	0.000000		0.000000	0.000000	 0	0.000000	0.000000	0.000000
211112	100604	Erdos Miller	91	120	75	1302.93	30.27	0.03	0.03	38.91	38.91	0.00	0.00	0.00	0.000000	0.000000	0.000000	0.000000	0.000000	0.000000		0.000000	0.000000	 0	0.000000	0.000000	0.000000
211112	100605	Erdos Miller	86	123	68	1271.55	30.27	0.03	0.03	38.91	38.91	0.00	0.00	0.00	0.000000	0.000000	0.000000	0.000000	0.000000	0.000000		0.000000	0.000000	 0	0.000000	0.000000	0.000000
211112	100606	Erdos Miller	89	119	73	1268.76	30.27	0.03	0.03	38.91	38.91	0.00	0.00	0.00	0.000000	0.000000	0.000000	0.000000	0.000000	0.000000		0.000000	0.000000	 0	0.000000	0.000000	0.000000
211112	100607	Erdos Miller	90	122	78	1318.54	30.27	0.03	0.03	38.91	38.91	0.00	0.00	0.00	0.000000	0.000000	0.000000	0.000000	0.000000	0.000000		0.000000	0.000000	 0	0.000000	0.000000	0.000000
211112	100608	Erdos Miller	90	127	73	1337.47	30.27	0.03	0.03	38.91	38.91	0.00	0.00	0.00	0.000000	0.000000	0.000000	0.000000	0.000000	0.000000		0.000000	0.000000	 0	0.000000	0.000000	0.000000
211112	100609	Erdos Miller	90	123	78	1343.84	30.27	0.03	0.03	38.91	38.91	0.00	0.00	0.00	0.000000	0.000000	0.000000	0.000000	0.000000	0.000000		0.000000	0.000000	 0	0.000000	0.000000	0.000000
211112	100610	Erdos Miller	90	122	79	1351.12	30.27	0.03	0.03	38.91	38.91	0.00	0.00	0.00	0.000000	0.000000	0.000000	0.000000	0.000000	0.000000		0.000000	0.000000	 0	0.000000	0.000000	0.000000
211112	100611	Erdos Miller	87	119	86	1371.10	30.27	0.03	0.03	38.91	38.91	0.00	0.00	0.00	0.000000	0.000000	0.000000	0.000000	0.000000	0.000000		0.000000	0.000000	 0	0.000000	0.000000	0.000000
211112	100612	Erdos Miller	88	124	85	1380.33	30.27	0.03	0.03	38.91	38.91	0.00	0.00	0.00	0.000000	0.000000	0.000000	0.000000	0.000000	0.000000		0.000000	0.000000	 0	0.000000	0.000000	0.000000
211112	100613	Erdos Miller	87	123	84	1376.33	30.27	0.03	0.03	38.91	38.91	0.00	0.00	0.00	0.000000	0.000000	0.000000	0.000000	0.000000	0.000000		0.000000	0.000000	 0	0.000000	0.000000	0.000000
211112	100614	Erdos Miller	90	122	91	1419.85	30.27	0.03	0.03	38.91	38.91	0.00	0.00	0.00	0.000000	0.000000	0.000000	0.000000	0.000000	0.000000		0.000000	0.000000	 0	0.000000	0.000000	0.000000
211112	100615	Erdos Miller	89	127	80	1384.49	30.27	0.03	0.03	38.91	38.91	0.00	0.00	0.00	0.000000	0.000000	0.000000	0.000000	0.000000	0.000000		0.000000	0.000000	 0	0.000000	0.000000	0.000000
211112	100616	Erdos Miller	89	122	76	1330.53	30.27	0.03	0.03	38.91	38.91	0.00	0.00	0.00	0.000000	0.000000	0.000000	0.000000	0.000000	0.000000		0.000000	0.000000	 0	0.000000	0.000000	0.000000
211112	100617	Erdos Miller	92	126	82	1395.07	30.27	0.03	0.03	38.91	38.91	0.00	0.00	0.00	0.000000	0.000000	0.000000	0.000000	0.000000	0.000000		0.000000	0.000000	 0	0.000000	0.000000	0.000000
211112	100618	Erdos Miller	88	124	86	1399.11	30.27	0.03	0.03	38.91	38.91	0.00	0.00	0.00	0.000000	0.000000	0.000000	0.000000	0.000000	0.000000		0.000000	0.000000	 0	0.000000	0.000000	0.000000
211112	100619	Erdos Miller	88	117	86	1359.14	30.27	0.03	0.03	38.91	38.91	0.00	0.00	0.00	0.000000	0.000000	0.000000	0.000000	0.000000	0.000000		0.000000	0.000000	 0	0.000000	0.000000	0.000000
211112	100620	Erdos Miller	89	124	75	1331.32	30.27	0.03	0.03	38.91	38.91	0.00	0.00	0.00	0.000000	0.000000	0.000000	0.000000	0.000000	0.000000		0.000000	0.000000	 0	0.000000	0.000000	0.000000
211112	100621	Erdos Miller	89	116	75	1258.43	30.27	0.03	0.03	38.91	38.91	0.00	0.00	0.00	0.000000	0.000000	0.000000	0.000000	0.000000	0.000000		0.000000	0.000000	 0	0.000000	0.000000	0.000000
211112	100622	Erdos Miller	89	116	75	1275.20	30.27	0.03	0.03	38.91	38.91	0.00	0.00	0.00	0.000000	0.000000	0.000000	0.000000	0.000000	0.000000		0.000000	0.000000	 0	0.000000	0.000000	0.000000
211112	100623	Erdos Miller	89	121	83	1364.81	30.27	0.03	0.03	38.91	38.91	0.00	0.00	0.00	0.000000	0.000000	0.000000	0.000000	0.000000	0.000000		0.000000	0.000000	 0	0.000000	0.000000	0.000000
211112	100624	Erdos Miller	86	123	84	1389.52	30.27	0.03	0.03	38.91	38.91	0.00	0.00	0.00	0.000000	0.000000	0.000000	0.000000	0.000000	0.000000		0.000000	0.000000	 0	0.000000	0.000000	0.000000
211112	100625	Erdos Miller	88	118	79	1307.42	30.27	0.03	0.03	38.91	38.91	0.00	0.00	0.00	0.000000	0.000000	0.000000	0.000000	0.000000	0.000000		0.000000	0.000000	 0	0.000000	0.000000	0.000000
211112	100626	Erdos Miller	88	117	86	1357.83	30.27	0.03	0.03	38.91	38.91	0.00	0.00	0.00	0.000000	0.000000	0.000000	0.000000	0.000000	0.000000		0.000000	0.000000	 0	0.000000	0.000000	0.000000
211112	100627	Erdos Miller	89	118	76	1300.36	30.27	0.03	0.03	38.91	38.91	0.00	0.00	0.00	0.000000	0.000000	0.000000	0.000000	0.000000	0.000000		0.000000	0.000000	 0	0.000000	0.000000	0.000000
211112	100628	Erdos Miller	90	118	75	1279.99	30.27	0.03	0.03	38.91	38.91	0.00	0.00	0.00	0.000000	0.000000	0.000000	0.000000	0.000000	0.000000		0.000000	0.000000	 0	0.000000	0.000000	0.000000
211112	100629	Erdos Miller	88	123	77	1327.85	30.27	0.03	0.03	38.91	38.91	0.00	0.00	0.00	0.000000	0.000000	0.000000	0.000000	0.000000	0.000000		0.000000	0.000000	 0	0.000000	0.000000	0.000000
211112	100630	Erdos Miller	90	118	80	1308.96	30.27	0.03	0.03	38.91	38.91	0.00	0.00	0.00	0.000000	0.000000	0.000000	0.000000	0.000000	0.000000		0.000000	0.000000	 0	0.000000	0.000000	0.000000
211112	100631	Erdos Miller	90	116	77	1282.15	30.27	0.03	0.03	38.91	38.91	0.00	0.00	0.00	0.000000	0.000000	0.000000	0.000000	0.000000	0.000000		0.000000	0.000000	 0	0.000000	0.000000	0.000000
211112	100632	Erdos Miller	87	116	81	1310.75	30.27	0.03	0.03	38.91	38.91	0.00	0.00	0.00	0.000000	0.000000	0.000000	0.000000	0.000000	0.000000		0.000000	0.000000	 0	0.000000	0.000000	0.000000
211112	100633	Erdos Miller	91	116	78	1282.84	30.27	0.03	0.03	38.91	38.91	0.00	0.00	0.00	0.000000	0.000000	0.000000	0.000000	0.000000	0.000000		0.000000	0.000000	 0	0.000000	0.000000	0.000000
211112	100634	Erdos Miller	90	118	82	1331.90	30.27	0.03	0.03	38.91	38.91	0.00	0.00	0.00	0.000000	0.000000	0.000000	0.000000	0.000000	0.000000		0.000000	0.000000	 0	0.000000	0.000000	0.000000
211112	100635	Erdos Miller	90	114	91	1361.66	30.27	0.03	0.03	38.91	38.91	0.00	0.00	0.00	0.000000	0.000000	0.000000	0.000000	0.000000	0.000000		0.000000	0.000000	 0	0.000000	0.000000	0.000000
211112	100636	Erdos Miller	88	120	84	1357.77	30.27	0.03	0.03	38.91	38.91	0.00	0.00	0.00	0.000000	0.000000	0.000000	0.000000	0.000000	0.000000		0.000000	0.000000	 0	0.000000	0.000000	0.000000
211112	100637	Erdos Miller	86	121	78	1332.90	30.27	0.03	0.03	38.91	38.91	0.00	0.00	0.00	0.000000	0.000000	0.000000	0.000000	0.000000	0.000000		0.000000	0.000000	 0	0.000000	0.000000	0.000000
211112	100638	Erdos Miller	87	117	84	1333.56	30.27	0.03	0.03	38.91	38.91	0.00	0.00	0.00	0.000000	0.000000	0.000000	0.000000	0.000000	0.000000		0.000000	0.000000	 0	0.000000	0.000000	0.000000
211112	100639	Erdos Miller	90	116	89	1376.59	30.27	0.03	0.03	38.91	38.91	0.00	0.00	0.00	0.000000	0.000000	0.000000	0.000000	0.000000	0.000000		0.000000	0.000000	 0	0.000000	0.000000	0.000000
211112	100640	Erdos Miller	88	116	90	1380.90	30.27	0.03	0.03	38.91	38.91	0.00	0.00	0.00	0.000000	0.000000	0.000000	0.000000	0.000000	0.000000		0.000000	0.000000	 0	0.000000	0.000000	0.000000
211112	100641	Erdos Miller	90	121	75	1299.37	30.27	0.03	0.03	38.91	38.91	0.00	0.00	0.00	0.000000	0.000000	0.000000	0.000000	0.000000	0.000000		0.000000	0.000000	 0	0.000000	0.000000	0.000000
211112	100642	Erdos Miller	91	118	67	1227.78	30.27	0.03	0.03	38.91	38.91	0.00	0.00	0.00	0.000000	0.000000	0.000000	0.000000	0.000000	0.000000		0.000000	0.000000	 0	0.000000	0.000000	0.000000
211112	100643	Erdos Miller	89	116	84	1341.74	30.27	0.03	0.03	38.91	38.91	0.00	0.00	0.00	0.000000	0.000000	0.000000	0.000000	0.000000	0.000000		0.000000	0.000000	 0	0.000000	0.000000	0.000000
211112	100644	Erdos Miller	92	115	70	1239.71	30.27	0.03	0.03	38.91	38.91	0.00	0.00	0.00	0.000000	0.000000	0.000000	0.000000	0.000000	0.000000		0.000000	0.000000	 0	0.000000	0.000000	0.000000
211112	100645	Erdos Miller	92	123	73	1320.03	30.27	0.03	0.03	38.91	38.91	0.00	0.00	0.00	0.000000	0.000000	0.000000	0.000000	0.000000	0.000000		0.000000	0.000000	 0	0.000000	0.000000	0.000000
211112	100647	Erdos Miller	92	125	86	1397.56	30.27	0.03	0.03	38.91	38.91	0.00	0.00	0.00	0.000000	0.000000	0.000000	0.000000	0.000000	0.000000		0.000000	0.000000	 0	0.000000	0.000000	0.000000
211112	100648	Erdos Miller	89	126	76	1350.08	30.27	0.03	0.03	38.91	38.91	0.00	0.00	0.00	0.000000	0.000000	0.000000	0.000000	0.000000	0.000000		0.000000	0.000000	 0	0.000000	0.000000	0.000000
211112	100649	Erdos Miller	89	119	79	1323.64	30.27	0.03	0.03	38.91	38.91	0.00	0.00	0.00	0.000000	0.000000	0.000000	0.000000	0.000000	0.000000		0.000000	0.000000	 0	0.000000	0.000000	0.000000
211112	100650	Erdos Miller	91	120	78	1328.14	30.27	0.03	0.03	38.91	38.91	0.00	0.00	0.00	0.000000	0.000000	0.000000	0.000000	0.000000	0.000000		0.000000	0.000000	 0	0.000000	0.000000	0.000000
211112	100651	Erdos Miller	91	121	79	1327.86	30.27	0.03	0.03	38.91	38.91	0.00	0.00	0.00	0.000000	0.000000	0.000000	0.000000	0.000000	0.000000		0.000000	0.000000	 0	0.000000	0.000000	0.000000
211112	100652	Erdos Miller	89	120	73	1288.77	30.27	0.03	0.03	38.91	38.91	0.00	0.00	0.00	0.000000	0.000000	0.000000	0.000000	0.000000	0.000000		0.000000	0.000000	 0	0.000000	0.000000	0.000000
211112	100653	Erdos Miller	90	122	78	1331.57	30.27	0.03	0.03	38.91	38.91	0.00	0.00	0.00	0.000000	0.000000	0.000000	0.000000	0.000000	0.000000		0.000000	0.000000	 0	0.000000	0.000000	0.000000
211112	100654	Erdos Miller	92	122	74	1298.99	30.27	0.03	0.03	38.91	38.91	0.00	0.00	0.00	0.000000	0.000000	0.000000	0.000000	0.000000	0.000000		0.000000	0.000000	 0	0.000000	0.000000	0.000000
211112	100655	Erdos Miller	91	125	66	1281.23	30.27	0.03	0.03	38.91	38.91	0.00	0.00	0.00	0.000000	0.000000	0.000000	0.000000	0.000000	0.000000		0.000000	0.000000	 0	0.000000	0.000000	0.000000
211112	100656	Erdos Miller	90	127	65	1283.33	30.27	0.03	0.03	38.91	38.91	0.00	0.00	0.00	0.000000	0.000000	0.000000	0.000000	0.000000	0.000000		0.000000	0.000000	 0	0.000000	0.000000	0.000000
211112	100657	Erdos Miller	91	122	78	1339.57	30.27	0.03	0.03	38.91	38.91	0.00	0.00	0.00	0.000000	0.000000	0.000000	0.000000	0.000000	0.000000		0.000000	0.000000	 0	0.000000	0.000000	0.000000
211112	100658	Erdos Miller	91	124	75	1321.73	30.27	0.03	0.03	38.91	38.91	0.00	0.00	0.00	0.000000	0.000000	0.000000	0.000000	0.000000	0.000000		0.000000	0.000000	 0	0.000000	0.000000	0.000000
211112	100659	Erdos Miller	88	123	71	1295.62	30.27	0.03	0.03	38.91	38.91	0.00	0.00	0.00	0.000000	0.000000	0.000000	0.000000	0.000000	0.000000		0.000000	0.000000	 0	0.000000	0.000000	0.000000
211112	100700	Erdos Miller	90	123	74	1317.20	30.27	0.03	0.03	38.91	38.91	0.00	0.00	0.00	0.000000	0.000000	0.000000	0.000000	0.000000	0.000000		0.000000	0.000000	 0	0.000000	0.000000	0.000000
211112	100701	Erdos Miller	93	121	80	1342.73	30.27	0.03	0.03	38.91	38.91	0.00	0.00	0.00	0.000000	0.000000	0.000000	0.000000	0.000000	0.000000		0.000000	0.000000	 0	0.000000	0.000000	0.000000
211112	100702	Erdos Miller	91	123	79	1354.67	30.27	0.03	0.03	38.91	38.91	0.00	0.00	0.00	0.000000	0.000000	0.000000	0.000000	0.000000	0.000000		0.000000	0.000000	 0	0.000000	0.000000	0.000000
211112	100703	Erdos Miller	89	121	79	1321.57	30.27	0.03	0.03	38.91	38.91	0.00	0.00	0.00	0.000000	0.000000	0.000000	0.000000	0.000000	0.000000		0.000000	0.000000	 0	0.000000	0.000000	0.000000
211112	100704	Erdos Miller	87	120	84	1370.19	30.27	0.03	0.03	38.91	38.91	0.00	0.00	0.00	0.000000	0.000000	0.000000	0.000000	0.000000	0.000000		0.000000	0.000000	 0	0.000000	0.000000	0.000000
211112	100705	Erdos Miller	89	119	75	1287.88	30.27	0.03	0.03	38.91	38.91	0.00	0.00	0.00	0.000000	0.000000	0.000000	0.000000	0.000000	0.000000		0.000000	0.000000	 0	0.000000	0.000000	0.000000
211112	100706	Erdos Miller	90	122	83	1358.27	30.27	0.03	0.03	38.91	38.91	0.00	0.00	0.00	0.000000	0.000000	0.000000	0.000000	0.000000	0.000000		0.000000	0.000000	 0	0.000000	0.000000	0.000000
211112	100707	Erdos Miller	92	117	81	1327.15	30.27	0.03	0.03	38.91	38.91	0.00	0.00	0.00	0.000000	0.000000	0.000000	0.000000	0.000000	0.000000		0.000000	0.000000	 0	0.000000	0.000000	0.000000
211112	100708	Erdos Miller	90	121	69	1259.88	30.27	0.03	0.03	38.91	38.91	0.00	0.00	0.00	0.000000	0.000000	0.000000	0.000000	0.000000	0.000000		0.000000	0.000000	 0	0.000000	0.000000	0.000000
211112	100709	Erdos Miller	89	120	72	1289.03	30.27	0.03	0.03	38.91	38.91	0.00	0.00	0.00	0.000000	0.000000	0.000000	0.000000	0.000000	0.000000		0.000000	0.000000	 0	0.000000	0.000000	0.000000
211112	100710	Erdos Miller	90	124	72	1300.74	30.27	0.03	0.03	38.91	38.91	0.00	0.00	0.00	0.000000	0.000000	0.000000	0.000000	0.000000	0.000000		0.000000	0.000000	 0	0.000000	0.000000	0.000000
211112	100711	Erdos Miller	89	123	73	1315.77	30.27	0.03	0.03	38.91	38.91	0.00	0.00	0.00	0.000000	0.000000	0.000000	0.000000	0.000000	0.000000		0.000000	0.000000	 0	0.000000	0.000000	0.000000
211112	100712	Erdos Miller	92	126	80	1360.90	30.27	0.03	0.03	38.91	38.91	0.00	0.00	0.00	0.000000	0.000000	0.000000	0.000000	0.000000	0.000000		0.000000	0.000000	 0	0.000000	0.000000	0.000000
211112	100713	Erdos Miller	89	124	79	1348.07	30.27	0.03	0.03	38.91	38.91	0.00	0.00	0.00	0.000000	0.000000	0.000000	0.000000	0.000000	0.000000		0.000000	0.000000	 0	0.000000	0.000000	0.000000
211112	100714	Erdos Miller	91	125	72	1308.28	30.27	0.03	0.03	38.91	38.91	0.00	0.00	0.00	0.000000	0.000000	0.000000	0.000000	0.000000	0.000000		0.000000	0.000000	 0	0.000000	0.000000	0.000000
211112	100715	Erdos Miller	89	125	80	1362.61	30.27	0.03	0.03	38.91	38.91	0.00	0.00	0.00	0.000000	0.000000	0.000000	0.000000	0.000000	0.000000		0.000000	0.000000	 0	0.000000	0.000000	0.000000
211112	100716	Erdos Miller	89	121	87	1391.09	30.27	0.03	0.03	38.91	38.91	0.00	0.00	0.00	0.000000	0.000000	0.000000	0.000000	0.000000	0.000000		0.000000	0.000000	 0	0.000000	0.000000	0.000000
211112	100717	Erdos Miller	92	121	86	1380.01	30.27	0.03	0.03	38.91	38.91	0.00	0.00	0.00	0.000000	0.000000	0.000000	0.000000	0.000000	0.000000		0.000000	0.000000	 0	0.000000	0.000000	0.000000
211112	100718	Erdos Miller	93	116	84	1344.21	30.27	0.03	0.03	38.91	38.91	0.00	0.00	0.00	0.000000	0.000000	0.000000	0.000000	0.000000	0.000000		0.000000	0.000000	 0	0.000000	0.000000	0.000000
211112	100719	Erdos Miller	92	113	80	1292.99	30.27	0.03	0.03	38.91	38.91	0.00	0.00	0.00	0.000000	0.000000	0.000000	0.000000	0.000000	0.000000		0.000000	0.000000	 0	0.000000	0.000000	0.000000
211112	100720	Erdos Miller	91	117	65	1204.10	30.27	0.03	0.03	38.91	38.91	0.00	0.00	0.00	0.000000	0.000000	0.000000	0.000000	0.000000	0.000000		0.000000	0.000000	 0	0.000000	0.000000	0.000000
211112	100721	Erdos Miller	89	120	79	1315.41	30.27	0.03	0.03	38.91	38.91	0.00	0.00	0.00	0.000000	0.000000	0.000000	0.000000	0.000000	0.000000		0.000000	0.000000	 0	0.000000	0.000000	0.000000
211112	100722	Erdos Miller	91	120	79	1318.85	30.27	0.03	0.03	38.91	38.91	0.00	0.00	0.00	0.000000	0.000000	0.000000	0.000000	0.000000	0.000000		0.000000	0.000000	 0	0.000000	0.000000	0.000000
211112	100723	Erdos Miller	91	117	85	1353.63	30.27	0.03	0.03	38.91	38.91	0.00	0.00	0.00	0.000000	0.000000	0.000000	0.000000	0.000000	0.000000		0.000000	0.000000	 0	0.000000	0.000000	0.000000
211112	100724	Erdos Miller	92	123	75	1333.32	30.27	0.03	0.03	38.91	38.91	0.00	0.00	0.00	0.000000	0.000000	0.000000	0.000000	0.000000	0.000000		0.000000	0.000000	 0	0.000000	0.000000	0.000000
211112	100725	Erdos Miller	91	120	71	1270.74	30.27	0.03	0.03	38.91	38.91	0.00	0.00	0.00	0.000000	0.000000	0.000000	0.000000	0.000000	0.000000		0.000000	0.000000	 0	0.000000	0.000000	0.000000
211112	100726	Erdos Miller	91	123	69	1286.16	30.27	0.03	0.03	38.91	38.91	0.00	0.00	0.00	0.000000	0.000000	0.000000	0.000000	0.000000	0.000000		0.000000	0.000000	 0	0.000000	0.000000	0.000000
211112	100727	Erdos Miller	91	119	78	1313.62	30.27	0.03	0.03	38.91	38.91	0.00	0.00	0.00	0.000000	0.000000	0.000000	0.000000	0.000000	0.000000		0.000000	0.000000	 0	0.000000	0.000000	0.000000
211112	100728	Erdos Miller	93	123	73	1307.91	30.27	0.03	0.03	38.91	38.91	0.00	0.00	0.00	0.000000	0.000000	0.000000	0.000000	0.000000	0.000000		0.000000	0.000000	 0	0.000000	0.000000	0.000000
211112	100729	Erdos Miller	92	121	72	1286.74	30.27	0.03	0.03	38.91	38.91	0.00	0.00	0.00	0.000000	0.000000	0.000000	0.000000	0.000000	0.000000		0.000000	0.000000	 0	0.000000	0.000000	0.000000
